# JD    flux    err_flux    mag   err_mag
2460806.903480955 42.62 7.996735385790002 23.32596638655454 0.20371527752751462
2460844.76497028 43.24 8.264564609897622 23.31028578679682 0.20751935738965302
2460862.68452466 42.32 6.223293499019102 23.333635852432174 0.15966103650096738
2460872.7258484648 43.88 4.971462527966787 23.294333452743317 0.12301041151348939
2460898.5426023076 43.12 5.950947632044891 23.313303119553293 0.14984135660321887
2460912.6019165707 42.24 5.1728829615153895 23.33569022618561 0.13296369115278675
2460927.5604779655 42.76 5.3185040358638265 23.32240575865815 0.13504425600770778
2460931.5764099504 44.86 5.869645925493787 23.270351826882624 0.14206168280025952
2460951.4909845614 42.54 9.938520885197581 23.328006286083223 0.25365801473445765
2461124.896335585 44.26 10.438517523401545 23.2849714760219 0.25606589243468647
2461145.8705281015 42.18 5.881068223396598 23.33723356149133 0.15138190357501796
2461154.873117962 43.3 6.4089446160977115 23.308780259116585 0.16070261441078468
2461155.8470325004 44.4 8.665158943978769 23.28154257471345 0.21189362129417724
2461155.870250674 42.7 9.136791717233567 23.32393031243744 0.23232191013430176
2461170.788615972 43.3 10.472776421289941 23.308780259116585 0.2626021368344519
2461171.8320704787 42.7 7.173005917657308 23.32393031243744 0.18238857662165922
2461173.7720631487 42.26 6.598660578836816 23.33517626820926 0.169531582899985
2461198.8066772423 41.62 4.391702899888111 23.35174481031098 0.11456585389115305
2461209.7368478235 43.3 7.105665921367501 23.308780259116585 0.17817271939364265
2461213.6744501404 44.14 5.092536320932514 23.28791917793591 0.12526395690263242
2461213.675817103 43.72 11.919489783099568 23.298299616805835 0.2960068984390628
2461215.756344443 43.22 4.435985728738526 23.310788093631942 0.11143707333368331
2461226.6753782933 43.98 8.058498610710334 23.29186193743807 0.19894051154254883
2461226.6758329337 44.46 10.676889907600287 23.280076354092568 0.26073517604359675
2461252.5869743982 44.7 7.441583213641114 23.274231192170156 0.18075159543110753
2461252.5892263697 44.68 4.738364996645437 23.27471708889107 0.11514356374701397
2461269.4756837985 42.74 7.53031297338283 23.322913705429873 0.19129465204402385
2461272.610952262 44.04 7.794814347287243 23.290381724250715 0.19216875899677266
2461273.47717056 44.94 4.207132038407407 23.26841732979222 0.10164298113700025
2461281.4795986866 42.24 13.276919473429464 23.33569022618561 0.34126970075664315
2461282.4754429595 42.44 8.553553593955725 23.330561561926743 0.21882428879115803
2461516.8123003175 41.92 5.800458618983042 23.343946815060825 0.15023301352173732
2461537.758420936 42.7 7.689934896781692 23.32393031243744 0.1955325697814719
2461539.7461117515 43.1 6.435182261552242 23.31380682459817 0.16210928922469994
2461539.7488261596 42.6 5.438829600923405 23.3264760022432 0.1386181739256514
2461540.756503852 42.28 6.901420029501521 23.334662553411526 0.1772261492495913
2461553.848805447 42.96 7.081481017889293 23.31733931827125 0.17897160904166332
2461558.7216918026 42.28 6.556981950582771 23.334662553411526 0.16838109502585843
2461594.727534041 41.26 12.039308257889793 23.361176940907168 0.316808358115232
2461616.6831075344 45.1 5.538573050573165 23.264558645305097 0.13333546083603023
2461621.5845974335 43.9 4.170752161582762 23.293838699394694 0.10315117592035608
2461640.6511146566 44.24 4.802842939035862 23.285462204258394 0.11787116782726438
2461653.5567202326 42.76 6.799210455594635 23.32240575865815 0.172641462942215
2461653.5571714486 42.4 12.391543990066653 23.33158535851817 0.3173100929921787
2461665.587275294 43.16 4.9393044825202 23.312296409972816 0.124253514897968
2461665.5881748376 43.3 5.417919045512717 23.308780259116585 0.13585290674738484
2461854.90975753 42.36 5.111770168670903 23.332610121411378 0.13102063131559416
2461886.826947555 42.7 5.042720710702179 23.32393031243744 0.12822164979140518
2461895.7557990425 42.7 14.91448388312359 23.32393031243744 0.37923173599973997
2461898.8588125454 43.38 5.007294763223156 23.30677613080456 0.12532506252483092
2461899.8171977415 42.72 5.783954696364744 23.323421889948747 0.14700021115458842
2461922.7951490036 43.6 7.072952828946724 23.301283776828534 0.17613213213151124
2461963.7921388866 43.4 9.589720804683637 23.30627567621872 0.23990569288403887
2461991.689333312 43.52 5.378913244799828 23.30327778327469 0.13419303428612592
2461992.7404327393 42.74 8.990743149510376 23.322913705429873 0.22839436932860427
2461993.694197114 43.22 4.237612636680567 23.310788093631942 0.1064537126650775
2461993.7099403 42.7 6.714628055151688 23.32393031243744 0.170733367235664
2462198.897372027 43.46 5.393945595813773 23.304775695038735 0.13475384307111535
2462198.897819637 42.18 5.012705179822534 23.33723356149133 0.12902976523262055
2462223.8370545176 43.36 4.941684505986904 23.307276816174173 0.12373998571591958
2462237.862183895 43.88 6.289505403046194 23.294333452743317 0.155623147814702
2462269.915924253 41.98 8.45768427171836 23.342393914384044 0.2187425922395907
2462289.728586143 44.24 5.9710258873744655 23.285462204258394 0.1465406642285374
2462290.7201118045 42.06 5.348042988860543 23.340326829124244 0.1380543009417206
2462290.7260280135 43.6 6.25054856404258 23.301283776828534 0.15565245127476987
2462290.9075973765 43.94 4.311537166579745 23.29284986853877 0.10653600363941539
2462333.7280383636 45.52 13.063862815919924 23.254494366532462 0.3115972942275428
2462333.7289307727 43.18 7.274793525561175 23.31179340500447 0.1829204889495554
2462334.5965564633 42.88 10.553877201413815 23.319363058288214 0.2672277653485631
2462372.6823005676 42.5 3.8282568751718626 23.32902767487422 0.09779946095266623
2462372.6827436467 42.64 4.7483860273325496 23.32545700995371 0.12090747242126113
2462381.475125175 42.26 6.239915691104651 23.33517626820926 0.1603147747390124
2462388.63705551 42.54 11.92404728954637 23.328006286083223 0.30433403501430506
2462402.4887188566 42.4 4.764230451000005 23.33158535851817 0.12199758227504379
2462568.9056701353 44.82 5.50999097698343 23.27132036950239 0.13347605291391182
2462594.871681452 44.28 10.877372444854872 23.284480969483287 0.26671086440870334
2462627.9082044414 43.76 6.326586674823509 23.297306716686563 0.15696993156755557
2462666.712325437 45.08 5.596499736852219 23.265040231564825 0.13478976007586066
2462671.731518955 42.46 6.627739873383234 23.33005002542505 0.16947661649202164
2462675.861235776 42.9 7.145607799952607 23.318856769538186 0.18084487397227578
2462679.7289511147 44.3 5.920856887945971 23.283990684442323 0.14511261143192974
2462679.730746977 42.32 5.9627676759678625 23.333635852432174 0.15297714429016537
2462694.6868147813 42.6 7.722202874810209 23.3264760022432 0.19681397280912566
2462733.5914244065 44.0 8.486942701689127 23.29136830878453 0.20942229452117403
2462733.5988059225 42.94 8.981188217459694 23.317844899749424 0.22708898950729203
2462743.4989841306 44.28 8.501155172302228 23.284480969483287 0.20844652106674263
2462743.4994340716 44.18 4.883400964904826 23.28693572116146 0.1200109830228147
2462759.6160979066 42.56 4.943213720825635 23.32749595178252 0.12610493666723535
2462962.8391495594 49.28 6.897507262429237 23.168323252109076 0.15196577429792116
2462986.845759343 54.08 14.10114690471111 23.06740829266605 0.2831014371867212
2462986.8462059144 52.32 6.4023546834749805 23.10333066170947 0.13286063217797325
2463040.7964307643 123.9 5.071111742269091 22.16732173405984 0.044438172856784725
2463041.8050905736 129.1 6.561363584601414 22.122684394333948 0.055181332272527764
2463045.7270862632 150.88 8.339305961463356 21.953420811516864 0.060009851570228444
2463049.851178441 192.5 4.94694526074956 21.6889231653887 0.027901701675597104
2463049.8525248636 190.84 5.343740220916247 21.698326480282777 0.030401866624769302
2463055.76732825 303.1 12.324151479854724 21.196035159080942 0.044146411925442934
2463071.6375171584 522.54 10.475970197166559 20.60470114766255 0.021767022855725675
2463074.636126678 344.08 6.922169565796883 21.058351426134912 0.021842740389038995
2463074.639001125 345.46 11.235308998719821 21.054005578285643 0.03531112647355676
2463081.6459053755 199.06 9.588796033510592 21.652540000666537 0.05230032660315279
2463088.6447644373 137.52 9.25947902758531 22.05408534080251 0.07310465108673625
2463092.6361547736 119.14 12.446800475640725 22.209856010592933 0.11342909106768376
2463099.634105031 98.56 6.501659985553386 22.415748262949123 0.07162223658017987
2463099.634550315 98.32 8.490009358933024 22.418395325304004 0.09375417554647011
2463102.6321521783 89.54 5.5647169662567535 22.519957274881435 0.06747615232853227
2463113.623473314 74.38 7.939084384057163 22.721359564942613 0.11588802565744497
2463145.567270616 50.78 7.368446661263924 23.13576825865574 0.15754606760463574
2463342.8647583243 44.74 8.80091517707064 23.273260050598473 0.21357783287328785
2463342.872486589 43.24 10.528875489380853 23.31028578679682 0.26437514602708745
2463346.7836757577 44.16 5.57257949328674 23.28742733819714 0.13700976697812783
2463348.759507504 44.9 7.51101648388763 23.269384147491692 0.18162544612676848
2463355.8037498617 41.4 5.468588831332 23.35749914719775 0.14341654307036475
2463367.7946400717 44.42 4.117903177688231 23.28105361446886 0.10065188130807431
2463383.7333520674 43.92 6.184917309296624 23.29334417139491 0.15289591635106053
2463399.626917206 43.06 15.615589090496481 23.314814936281326 0.39373921119781935
2463399.6273643496 45.22 6.780105101050632 23.261673604976647 0.16279092393356803
2463420.656272067 42.64 4.346101095394667 23.32545700995371 0.11066414889326817
2463450.649039408 44.3 6.4609694050105215 23.283990684442323 0.15835007676872492
2463467.552328915 44.48 4.285945290653037 23.279588053564996 0.10461794005563414
2463478.474290781 42.62 7.308172341690856 23.32596638655454 0.18617426799591183
2463481.545285595 42.28 6.612427762097619 23.334662553411526 0.16980492484998014
2463482.5458631553 43.34 5.605724222447084 23.3077777325405 0.1404323429210986
2463493.480529088 41.52 10.360149812596601 23.354356637898995 0.2709149744280896
2463727.8718281356 43.18 9.331221386481744 23.31179340500447 0.23462818188783185
2463727.8722756547 43.44 4.497931002910804 23.305275458548024 0.11242096078186702
2463728.839909211 42.44 5.979325376670234 23.330561561926743 0.15296819136380568
2463729.857172899 44.22 7.5708536076948025 23.285953154393262 0.18588760431474327
2463751.776333943 42.12 9.175696635773937 23.338779093716376 0.2365238851219642
2463775.8473733836 43.1 8.720716926318456 23.31380682459817 0.21968441063459354
2463781.827348522 44.52 9.577541011169684 23.278612110843323 0.2335732935395937
2463805.7771341875 41.96 8.0810624088713 23.342911301196196 0.20910157364684256
2463813.5420882306 43.66 6.140965763688137 23.299790671567198 0.15271344163573905
2463814.681565254 42.88 5.9502973070092064 23.319363058288214 0.15066355446116356
2463822.587281943 45.02 9.13683157817982 23.266486273338746 0.22035070726804057
2463841.5655146767 43.7 9.788939186263487 23.298796407573946 0.24320836797944737
2463850.568059474 43.2 11.694326757866364 23.311290632962717 0.2939109710946126
2463863.515308273 42.3 7.730683717922855 23.334149081562394 0.19842749881992974
2463875.4899359555 42.74 14.813577090677317 23.322913705429873 0.37631345272166494
2464083.785874858 42.88 3.8438681206352037 23.319363058288214 0.09732805002073763
2464084.8384313155 43.06 9.13332478333497 23.314814936281326 0.2302921827004523
2464085.764968244 46.36 6.088082061890242 23.234641431771102 0.14258091268621137
2464136.7545852656 43.6 4.2494737795100255 23.301283776828534 0.1058212737060642
2464142.8270036657 42.82 7.5485540831964055 23.32088334260395 0.1913997772466405
2464161.736839886 44.18 13.060675990549214 23.28693572116146 0.32096986830137
2464177.684405036 43.42 5.56135884069549 23.305775452203996 0.13906422480411773
2464187.681197025 45.3 8.837215001763617 23.25975449496792 0.2118075999259699
2464190.6575671923 43.16 5.393438588360526 23.312296409972816 0.13567774660617704
2464203.65048687 44.14 8.738996054673015 23.28791917793591 0.21495796125502822
2464230.6062142067 42.24 5.1109981937999835 23.33569022618561 0.13137300618991593
2464230.6079947692 42.54 5.521106812120239 23.328006286083223 0.14091362379538513
2464241.494331929 43.18 4.7916460039574815 23.31179340500447 0.12048317616677288
2464422.8700523875 43.04 4.077465177480215 23.315319343354165 0.10285900480554834
2464422.870947486 43.56 7.50455276503976 23.302280322290656 0.18705152978699255
2464431.8600241644 42.56 7.880531350194593 23.32749595178252 0.20103802160802947
