# JD    flux    err_flux    mag   err_mag
2460806.8791619255 16.68 9.091745640130515 24.3445098842457 0.5918008037135237
2460858.574458051 17.08 10.779872145825614 24.318780334117534 0.6852516083949987
2460861.713647004 17.48 11.264875400431311 24.29364642925404 0.6996958274792623
2460862.7089203843 16.86 8.885489629749136 24.33285607427819 0.572200343299024
2460872.701498989 16.88 13.663307795267164 24.331568894275907 0.8788357790329109
2460898.5669932473 16.42 7.384089919665584 24.361567118041442 0.4882566239324282
2460916.556018517 16.16 9.421484609373529 24.37889660890358 0.6329979543916054
2460916.556467955 17.62 9.025000731478283 24.284985239809927 0.5561163474537214
2460927.584674913 15.96 8.178899338814308 24.392417782463223 0.5563989428084598
2460951.5022132313 17.14 8.91681155263623 24.31497295603205 0.564836938955817
2461145.883203362 17.86 11.575715482001588 24.27029636361868 0.7037051172893799
2461154.884799488 16.78 10.735735287098274 24.338020108768294 0.6946469896246726
2461170.8142512096 17.7 8.839006039649822 24.280066834095482 0.5421937215437053
2461173.796600702 17.08 8.2059987548126 24.318780334117534 0.5216364136007124
2461198.7821549727 16.66 11.085904153331139 24.345812507323075 0.7224710385204163
2461209.7612255868 16.82 8.798013791653789 24.335435021345265 0.5679145126967815
2461213.6988304695 17.1 10.388250897519706 24.317509724019615 0.6595848013770922
2461213.700200858 17.62 6.948514616961883 24.284985239809927 0.4281642388721102
2461217.672168521 18.44 11.243648190523995 24.235597708205972 0.6620193011938791
2461226.699998332 16.74 7.019898191669779 24.340611365856894 0.45530212786212676
2461226.700445412 17.0 6.991089338462461 24.323877696554312 0.4464987532627797
2461252.6113847494 18.34 14.111428137940266 24.24150167166499 0.8354028587897677
2461252.6136337654 17.4 5.902172838917024 24.2986268792935 0.3682875136754187
2461269.486506379 17.06 10.280211410093564 24.320052432921237 0.6542554349651938
2461273.4879101017 18.06 11.43021904135892 24.25820563505628 0.6871651518006169
2461281.490577065 16.56 7.69575248848872 24.352349168877844 0.5045626267880239
2461282.486206787 16.36 10.126035192983876 24.365541751661738 0.6720172994912939
2461488.8877530196 17.6 9.419966617614767 24.286218330464624 0.5811135684293938
2461488.890004043 16.94 8.466279493349209 24.327716485013276 0.5426296437739403
2461511.9187386604 17.72 10.016631187727711 24.27884070612242 0.6137369712316817
2461516.8369038166 16.76 8.31164760516609 24.339314964264354 0.5384401387899778
2461540.7808114146 17.1 15.781898785500251 24.317509724019615 1.002045549195671
2461560.8836342306 17.64 8.357008835154607 24.283753548010495 0.5143711482886009
2461594.751829023 16.96 7.831746542045823 24.326435380198262 0.5013685593861106
2461596.7540437425 16.26 8.702710140737947 24.372198646854876 0.5811099310771775
2461596.7544912617 16.6 7.689226443251757 24.34972977989986 0.5029199720495188
2461616.7077365587 17.92 7.82700610640039 24.26665498668473 0.47422231610389864
2461640.675423551 17.22 7.836504472686173 24.309917132205907 0.4940985264079205
2461653.5809846283 17.48 8.934140930430825 24.29364642925404 0.5549267887059627
2461653.581432443 17.32 8.616177332359602 24.30363028079668 0.5401209974803196
2461665.5630377852 17.3 12.906223121480291 24.30488474217801 0.8099857635651809
2461665.5639540884 16.68 6.313195914355527 24.3445098842457 0.41093917098002997
2461825.896925073 18.0 7.680120877800002 24.261818737241732 0.46325473855256927
2461836.905239574 16.28 8.371265549237982 24.370863998617043 0.5582915286518504
2461886.85183345 17.12 13.902504784626814 24.31624059914716 0.8816853260217553
2461895.78041927 17.52 8.211961710570824 24.291164745419845 0.5089054875145117
2461896.899916026 17.32 9.143645054621196 24.30363028079668 0.5731862863314005
2461898.883198912 18.3 7.837781463654659 24.243872275673926 0.46501437705311616
2461899.8419401073 16.76 7.081425741939613 24.339314964264354 0.45874464852804514
2461922.770719113 15.8 8.017351232109018 24.403357282613943 0.5509321834786681
2461963.7675090707 17.5 6.397995128516342 24.292404878284263 0.3969448542226477
2461983.69843982 16.98 6.0679194803555125 24.325155785230166 0.3879952807643766
2461991.664952203 17.26 13.46420490127019 24.30739802155202 0.8469626146924044
2461993.6698242417 16.5 8.48569793390978 24.356290139465234 0.558377543605279
2461993.6857348336 17.62 6.084219990499958 24.284985239809927 0.3749068059817801
2462198.885357387 17.38 5.425407697344128 24.29987556971838 0.33892759278365686
2462198.885804953 16.88 7.774168109497097 24.331568894275907 0.5000412190969823
2462223.861231782 18.34 14.071247242350191 24.24150167166499 0.8330241317951249
2462227.9110208433 17.18 10.012475439630684 24.31244210126194 0.6327652551838535
2462237.8739115596 17.08 6.91513167430803 24.318780334117534 0.4395789706947266
2462269.9042604123 16.5 7.587702285677838 24.356290139465234 0.4992874595446327
2462289.7530412176 17.36 7.695851326236351 24.301125697898815 0.4813170743854075
2462290.7508606007 17.74 12.177127596119343 24.27761596126073 0.7452732976925649
2462290.8829085873 17.1 11.85175481391449 24.317509724019615 0.7525075608996145
2462333.703775426 18.14 9.49541930674329 24.253406793189807 0.5683307894537227
2462333.7046734486 17.86 8.434324747342776 24.27029636361868 0.5127352598475653
2462334.6211765637 18.5 5.799137725487932 24.232070678992464 0.34034236675356533
2462372.6581808166 17.52 8.044342528255957 24.291164745419845 0.49851791817368935
2462372.6586242006 18.06 13.676866754221663 24.25820563505628 0.8222297565177887
2462381.4860336706 17.06 8.13194467605463 24.320052432921237 0.5175349794772938
2462384.4882033938 16.88 6.84892901998806 24.331568894275907 0.4405290403329178
2462402.4994695117 16.7 6.189989748446534 24.34320882213104 0.40243688484850704
2462578.9080929984 17.56 14.52154990138481 24.288688721074788 0.8978685920919893
2462582.9096305897 16.78 8.372807754261503 24.338020108768294 0.5417556921502575
2462627.9189642714 17.28 10.515134656458855 24.306140654642814 0.6606864811588145
2462666.736505739 17.22 9.691855692496809 24.309917132205907 0.6110800590380348
2462671.7561167274 17.2 6.398296154980237 24.311178882731127 0.40388731303644043
2462672.744336795 16.9 16.735105822613118 24.330283238465814 1.0751426202408072
2462679.753458674 17.48 13.544866571394106 24.29364642925404 0.8413130449188041
2462679.755250535 16.54 9.387816248918103 24.35366123695868 0.6162449809593132
2462720.5508305044 18.4 10.398539351200803 24.237955442476157 0.6135907962065664
2462720.552625926 16.1 5.61517511355 24.382935309920374 0.378670740176278
2462733.615851637 16.7 9.641074421467525 24.34320882213104 0.6268062007278341
2462733.6231756494 17.72 12.938615622715076 24.27884070612242 0.7927722020897805
2462743.5240308526 17.78 7.536457615328435 24.275170608414513 0.46021399823325065
2462743.524496112 17.52 8.18169536266184 24.291164745419845 0.5070298442661902
2462759.640196105 17.64 6.58572766672162 24.283753548010495 0.4053493742878085
2462952.8807203104 17.48 6.645086329988763 24.29364642925404 0.4127466139709455
2462962.8634757837 19.92 12.063944316387936 24.151776664780797 0.6575432287393796
2463040.8205915764 49.86 10.907585463546752 23.155619314580612 0.23752026562908532
2463041.780303029 52.68 10.189218933640483 23.095885584275635 0.21000007392673675
2463045.7513972754 61.44 17.436854528467666 22.928871982441358 0.3081351604599298
2463049.8270283174 75.54 11.304458288345378 22.704557548771234 0.16247894676773486
2463049.828374975 75.86 18.810741436264802 22.699967904083067 0.26922624592270805
2463074.6607398917 137.16 13.275625391770323 22.056931308892732 0.10508768685222636
2463074.663562528 136.14 8.721110687158852 22.065035634328552 0.06955212001433388
2463081.670073938 76.98 7.361669073885793 22.684055233103567 0.10382996415908098
2463088.6689865324 54.6 9.640871356878694 23.057018393238156 0.19171141167726796
2463099.6098332107 38.9 10.905850892001741 23.42512599668573 0.30439272897532216
2463099.6102820276 38.84 10.995960012207444 23.426801946910082 0.30738187155834873
2463102.6079554125 36.22 11.284160827355848 23.5026288850549 0.3382557137099308
2463113.599262053 29.08 9.156063964109384 23.741013994532498 0.34185248070546076
2463145.5914401063 21.2 11.411708647166417 24.08416034767812 0.5844389262443394
2463307.9039331297 17.54 11.519485899772393 24.289926027424944 0.713062879223698
2463320.8803665065 16.52 5.814237084409617 24.35497489253909 0.38212637443044006
2463327.909071267 16.38 8.240418477277908 24.364215256439 0.5462100539156581
2463346.8079464 16.52 9.875177711693134 24.35497489253909 0.649021668886548
2463348.784353333 17.92 8.052887314372233 24.26665498668473 0.4879079972126894
2463349.8444361556 18.32 7.490823252294499 24.24268632667042 0.44394421443559917
2463349.8457894274 16.6 8.42556639310364 24.34972977989986 0.5510808722039752
2463367.819898444 17.64 6.888632803165609 24.283753548010495 0.42399308592298085
2463383.7578363726 17.38 5.512454768377266 24.29987556971838 0.3443654613992397
2463399.651145132 18.2 8.303231672150272 24.249821530037313 0.49533622213999634
2463399.651591885 16.88 10.811148048793685 24.331568894275907 0.6953823964203503
2463420.6817261986 17.72 8.29190935815818 24.27884070612242 0.5080601691154109
2463450.6732831863 16.84 7.9230453339012445 24.33414478209092 0.5108276229784171
2463467.576897263 17.72 8.289478489538368 24.27884070612242 0.5079112254320283
2463478.485181518 17.16 10.014343293121037 24.31370679121828 0.6336209254206446
2463481.5695878337 17.3 8.928323751324864 24.30488474217801 0.5603355112494407
2463482.5701494575 17.16 14.309530592373093 24.31370679121828 0.9053831839879668
2463493.491308666 16.6 11.300542986429273 24.34972977989986 0.7391210032404708
2463728.8641466657 16.66 10.368583965271405 24.345812507323075 0.67572310943396
2463729.8826500694 16.98 10.506352404786718 24.325155785230166 0.6717978319095746
2463751.8009522855 16.56 10.43464268732139 24.352349168877844 0.6841346225446555
2463775.871929121 17.02 11.208130372005618 24.322601110628575 0.7149866587858814
2463781.851894914 17.08 8.672322533439155 24.318780334117534 0.5512795406261496
2463814.706069558 16.28 9.958068803345366 24.370863998617043 0.6641176799302534
2463822.611745452 17.16 9.741077781222131 24.31370679121828 0.6163310501420662
2463841.590188764 16.62 6.301619634039321 24.34842245137977 0.41166646120885475
2463847.6452705013 18.08 8.957266812007086 24.257003934651635 0.5378998270727059
2463863.5395599166 17.62 6.901986517874849 24.284985239809927 0.42529719904706104
2463875.501184369 17.84 12.52314067484492 24.271512874899738 0.7621539925985584
2464028.881955056 17.1 7.517521185569853 24.317509724019615 0.4773125684917805
2464031.902890136 17.24 9.911166625246242 24.308656846278264 0.6241828559408523
2464075.9209139156 17.2 6.366086778583653 24.311178882731127 0.40185412198490245
2464079.913116071 17.46 10.064296542851649 24.29488940157612 0.6258402710192504
2464083.8101183553 16.64 13.730354195648037 24.347116695113236 0.8958859768249854
2464085.7890975904 17.08 9.513387657034368 24.318780334117534 0.6047441106054643
2464136.778942494 16.1 11.359846313306184 24.382935309920374 0.7660743119779306
2464142.8028150946 17.48 6.1243763014627985 24.29364642925404 0.38040372323002564
2464161.761015566 16.98 6.629686550573192 24.325155785230166 0.4239158253330596
2464167.588804437 16.32 9.16207171017582 24.368199613955394 0.6095338827406935
2464177.708610766 17.12 10.416612858031922 24.31624059914716 0.6606129504038734
2464190.6820375 16.98 9.421673928204132 24.325155785230166 0.602441254021023
2464203.6746116886 17.38 12.503182832925095 24.29987556971838 0.7810793024405691
2464230.630384473 17.06 7.068719039199524 24.320052432921237 0.4498689438524047
2464230.6321645146 17.38 6.539977468259215 24.29987556971838 0.40855525406164794
2464234.522729902 16.52 7.882246954612239 24.35497489253909 0.5180412163115627
2464241.505639616 16.9 8.234211602877393 24.330283238465814 0.5290048316499086
2464431.8842320163 16.74 9.486825560024823 24.340611365856894 0.615304060856856
